 
  5279527952795279527952795279527952795279527
   5279527952795279527952795279527952795279527
    5279527952795279527952795279527952795279527
     5279527952795279527952795279527952795279527
      5279527952795279527952795279527952795279527
       5279527952795279527952795279527952795279527
        5279527952795279527952795279527952795279527
         5279527952795279527952795279527952795279527
          5279527952795279527952795279527952795279527
           5279527952795279527952795279527952795279527
            5279527952795279527952795279527952795279527
             5279527952795279527952795279527952795279527
              5279527952795279527952795279527952795279527
               5279527952795279527952795279527952795279527
                5279527952795279527952795279527952795279527
                
                 5279527952795279527952795279527952795279527
                  5279527952795279527952795279527952795279527
                   5279527952795279527952795279527952795279527
                    5279527952795279527952795279527952795279527
                    5279527952795279527952795279527952795279527
